Infinity Infinity Infinity Infinity Infinity Infinity Infinity Infinity Infinity Infinity 
Infinity Infinity Infinity Infinity Infinity Infinity Infinity Infinity Infinity Infinity 
2.661278707302303 2.4496140484406097 2.44961404844061 2.44961404844061 2.44961404844061 2.4496140484406106 2.44961404844061 2.4496140484406106 2.44961404844061 2.44961404844061 
2.843912914760494 2.472710822384952 2.4727108223849528 2.4727108223849523 2.4727108223849528 2.4727108223849528 2.4727108223849528 2.4727108223849523 2.472710822384952 2.472710822384951 
15.965450457441095 10.866308506182108 8.332489054869905 6.886965067311742 5.9902438394343545 5.37715246040881 4.903196717770947 4.537690015168518 4.261836054829364 4.049595087455183 
9.100214834141955 7.134596059315562 5.836154705179797 4.937822591942326 4.3448345181363655 3.9331385171135844 3.631995467525374 3.4015381535765155 3.2180371698045516 3.068063389893467 
2.8296030506681213 2.6931915956817387 2.6729163976409507 2.6538546826572436 2.6359463172826434 2.619123723935016 2.603315319360342 2.588449072116986 2.5744551589110114 2.561267426807457 
8.578130915250911 6.691659708474729 5.53814178186961 4.731004228231625 4.166658143384466 3.77354048896363 3.489341369107227 3.2756027479013765 3.1087369639093776 2.9740324685639723 
93.3953347233668 79.23818310401217 74.84636524987681 73.6738566558891 72.42323196681212 72.32976360414219 71.53379286510078 69.85845771788857 71.08062324633073 70.28397844078098 
Infinity Infinity Infinity Infinity Infinity Infinity Infinity Infinity Infinity Infinity 
82.6223487182749 68.92391484764859 63.628321117681814 64.08655865916369 63.02230540235571 61.645896414555786 60.8306215977551 60.622832689436606 60.468535092850374 59.928719921196155 
159.37276935553578 140.6455714910209 138.50170815095507 134.7877555746004 135.33473901814295 136.26420449738404 136.44347695708012 132.19873505838063 132.12598054225157 135.29409283880653 
