559 
466 
472 
468 
476 
459 
458 
462 
465 
468 
465 
466 
468 
471 
463 
463 
463 
464 
473 
470 
465 
463 
466 
465 
465 
468 
466 
472 
470 
473 
461 
473 
470 
466 
468 
474 
464 
466 
464 
467 
467 
472 
465 
468 
467 
477 
478 
472 
469 
465 
469 
466 
470 
472 
468 
468 
467 
474 
473 
468 
477 
471 
471 
485 
470 
474 
474 
472 
472 
471 
471 
475 
472 
473 
474 
472 
473 
476 
471 
473 
472 
469 
471 
475 
476 
472 
477 
468 
474 
477 
475 
472 
477 
475 
494 
470 
474 
474 
473 
476 
