611.434958
535.235291
500.26025
489.951667
490.117
490.103417
495.435375
506.498208
492.251875
561.1615
500.721
519.888167
491.746167
495.866292
501.256083
487.146
489.184834
488.585417
487.664375
493.03625
489.725833
488.110459
492.563208
489.668959
491.291459
488.242792
489.72475
488.73175
491.046625
489.754292
489.681208
493.6395
490.112166
488.668292
488.60975
490.599625
490.710834
488.13975
490.413959
493.117
493.194291
489.33925
490.697458
491.864417
490.050708
490.788916
488.309875
491.546667
489.759084
489.054834
491.370459
489.811
494.995292
491.405084
492.57025
491.132834
491.090125
491.767334
489.542084
491.800042
492.6975
492.279542
491.384917
492.612417
491.419208
491.808209
492.884208
488.89475
493.63525
495.385666
493.8175
491.837292
492.593709
491.861583
492.545459
510.011875
503.497375
502.107292
507.77225
499.417959
508.637916
510.029666
505.713167
507.102583
526.228375
506.753792
509.815792
511.599209
495.257125
502.34175
499.714917
498.876875
496.443375
496.730334
498.093584
498.153625
499.906167
498.506917
497.76475
496.077958
